0 0 2 6 1 1 3 2 0 3 3 0 4 4 2 2 5 1 2 6 2 2
1 7 2 5
2 8 1 1
3 9 1 6 10 0 1
4
5 11 0 3
6 12 0 2 13 0 4 14 1 5
7 15 1 4
8 16 1 1 17 2 5
9
10 18 1 6
11 19 0 7
12 20 0 6 21 0 7
13 22 0 1 23 0 5 24 1 3 25 0 1
14
15 26 1 1
16 27 0 2
17
18 28 2 1
19 29 0 6
20 30 2 7
21 31 2 1
22
23 32 0 5
24
25 33 1 7
26
27
28 34 0 5
29
30 35 1 1
31
32 36 2 1
33
34 37 0 4
35 38 2 7 39 0 1
36 40 1 3 41 2 5 42 0 3 43 0 4
37
38 44 2 2
39 45 2 6 46 1 2
40 47 0 4
41 48 2 1 49 2 1
42 50 2 5 51 0 6 52 2 1
43 53 0 1 54 1 3 55 0 2 56 2 1
44
45
46 57 2 6 58 0 5 59 1 4
47 60 0 2 61 0 6 62 0 2
48 63 2 5 64 0 3
49 65 0 3
50 66 1 1
51
52 67 1 1 68 0 6
53
54
55 69 2 4 70 0 1
56 71 0 6 72 2 1
57
58 73 2 4
59 74 1 2
60
61 75 0 7
62 76 0 5
63
64 77 0 5 78 0 3 79 2 5
65 80 1 5 81 0 4 82 1 2 83 1 3
66 84 0 5 85 1 4 86 2 5
67 87 1 3
68 88 2 2
69 89 2 3
70
71 90 1 6 91 2 6 92 2 1 93 0 2
72 94 2 1 95 2 2
73
74
75 96 1 5 97 2 3
76 98 0 5 99 1 2

